a=200
b= a*2
